s1
0
166
188
277
104
s2
16711680
269
240
420
134
s3
16711680
307
282
476
196
s4
16711680
562
133
648
140
s5
16711680
544
364
603
361
s6
16711680
698
269
769
283
s7
16711680
834
137
889
140
s7
16711680
789
144
858
142
s8
16711680
751
109
786
116
s9
16711680
243
332
47
1
s10
16711680
350
416
20
2
s11
16711680
320
80
23
3
s12
16711680
135
88
22
4
s13
16711680
1033
151
20
1
s14
16711680
1127
112
29
2
s15
16711680
1116
200
29
3
1145
204
46
3
s16
0
683
192
41
4
s17
28160
270
380
161
271
273
164
285
210
276
257
281
266
s18
0
464
585
141
234
466
144
480
180
469
205
473
230
s41
0
775
152
811
157
49
47
s19
0
464
585
141
234
912
235
942
130
994
165
1053
142
1044
253
s20
0
464
585
141
234
652
391
694
301
697
367
749
336
726
436
